structure(list(gene.id = structure(c(1L, 1L, 1L, 1L, 1L, 1L, 
2L, 2L, 2L, 2L, 2L, 2L, 3L, 3L, 3L, 3L, 3L, 3L, 4L, 4L, 4L, 4L, 
4L, 4L, 5L, 5L, 5L, 5L, 5L, 5L), .Label = c("YDR345C", "YDR384C", 
"YBL025W", "YCL042W", "YGL209W"), class = "factor"), cond = structure(c(1L, 
1L, 1L, 2L, 2L, 2L, 1L, 1L, 1L, 2L, 2L, 2L, 1L, 1L, 1L, 2L, 2L, 
2L, 1L, 1L, 1L, 2L, 2L, 2L, 1L, 1L, 1L, 2L, 2L, 2L), .Label = c("batch", 
"chemostat"), class = "factor"), log.count = c(12.5875431413718, 
13.0749776623012, 12.6341303730933, 8.33091687811462, 8.43045255166553, 
8.85174904141606, 7.4594316186373, 7.92481250360578, 7.5077946401987, 
11.7021726853655, 11.8834069863884, 12.1456137755134, 5.4262647547021, 
6, 5.64385618977472, 5.4594316186373, 5.04439411935845, 5.93073733756289, 
4.75488750216347, 4.39231742277876, 3.58496250072116, 6.94251450533924, 
6.18982455888002, 6.71424551766612, 6.91886323727459, 7.22881869049588, 
6.78135971352466, 6.5077946401987, 6.74146698640115, 7.08746284125034
), arrayExp = c(11.5946391836933, 11.6216438701566, 11.8086892078392, 
7.5288526678819, 7.73003101073209, 7.76311027859214, 8.10180994275203, 
8.49148931884994, 8.48866534355232, 12.2778179677691, 12.2484853293238, 
12.2350900911883, 6.59469295101325, 6.56409112197908, 6.70234369856331, 
6.56409112197908, 6.52009196816958, 6.36624085835877, 2.54555371780305, 
2.54299501848196, 2.50147060694637, 2.62544077158375, 2.83946869551015, 
2.52127029806958, 7.3288935104989, 7.39534049577314, 7.36755423538623, 
5.03870286193103, 5.1125362859056, 4.90251929675238), probe.id = structure(c(1L, 
1L, 1L, 1L, 1L, 1L, 2L, 2L, 2L, 2L, 2L, 2L, 3L, 3L, 3L, 3L, 3L, 
3L, 4L, 4L, 4L, 4L, 4L, 4L, 5L, 5L, 5L, 5L, 5L, 5L), .Label = c("1770682_at", 
"1778111_at", "1775334_at", "1776330_at", "1776471_at"), class = "factor")), .Names = c("gene.id", 
"cond", "log.count", "arrayExp", "probe.id"), row.names = c("b12", 
"b22", "b32", "c12", "c22", "c32", "b11", "b21", "b31", "c11", 
"c21", "c31", "b13", "b23", "b33", "c13", "c23", "c33", "b121", 
"b221", "b321", "c121", "c221", "c321", "b111", "b211", "b311", 
"c111", "c211", "c311"), class = "data.frame")
